0.10699999996 0.38730529595
0.214000000036 0.427306161301
0.320999999996 0.467307026653
0.427999999956 0.507307892004
0.535000000033 0.547304430599
0.641999999993 0.58730529595
0.748999999953 0.627306161301
0.856000000029 0.667307026653
0.962999999989 0.707307892004
1.06999999995 0.747304430599
1.17700000003 0.78730529595
1.28399999999 0.827306161301
1.39099999995 0.867307026653
1.49800000002 0.907307892004
1.60499999998 0.947304430599
1.71200000006 0.98730529595
1.81900000002 0.972693838699
1.92599999998 0.932692973347
2.03300000005 0.892692107996
2.14000000001 0.852695569401
2.24699999997 0.81269470405
2.35400000005 0.772693838699
2.46100000001 0.732692973347
2.56799999997 0.692692107996
2.67500000005 0.652695569401
2.78200000001 0.61269470405
2.88899999997 0.572693838699
2.99600000004 0.532692973347
3.103 0.492692107996
3.20999999996 0.452695569401
3.31700000004 0.41269470405
3.424 0.372693838699
3.53099999996 0.332692973347
3.63800000004 0.292692107996
3.745 0.252695569401
3.85199999996 0.21269470405
3.95900000003 0.172693838699
4.06599999999 0.132692973347
4.17299999995 0.0926921079958
4.28000000003 0.0526955694012
4.38699999999 0.0126947040498
4.49399999995 0.0
4.60100000002 0.0
4.70799999998 0.0
4.81499999994 0.0
4.92200000002 0.0
5.02899999998 0.0
5.13600000006 0.0
5.24300000002 0.0
5.34999999998 0.0
5.45700000005 0.0
5.56400000001 0.0
5.67099999997 0.0
5.77800000005 0.0
5.88500000001 0.0
5.99199999997 0.0
6.09900000005 0.0
6.20600000001 0.0
6.31299999997 0.0
6.42000000004 0.0
6.527 0.0
6.63399999996 0.0
6.74100000004 0.0
6.848 0.0
6.95499999996 0.0
7.06200000003 0.0
7.16899999999 0.0
7.27599999995 0.0
7.38300000003 0.0
7.48999999999 0.0
7.59699999995 0.0
7.70400000003 0.0
7.81099999999 0.0
7.91799999995 0.0
8.02500000002 0.0
8.13199999998 0.0
8.23899999994 0.0
8.34600000002 0.0
8.45299999998 0.0225424022153
8.56000000006 0.06253894081
8.66700000002 0.16716857044
8.77399999998 0.287171166494
8.88100000005 0.407173762548
8.98800000001 0.527176358602
9.09499999997 0.647165974386
9.20200000005 0.76716857044
9.30900000001 0.887171166494
9.41599999997 1.00717376255
9.52300000004 1.1271763586
9.63 1.24716597439
9.73699999996 1.36716857044
9.84400000004 1.48717116649
9.951 1.60717376255
10.058 1.7271763586
10.165 1.84716597439
10.272 1.96716857044
10.379 2.11053132572
10.486 2.27053478712
10.593 2.46393215646
10.7 2.66391484943
10.807 2.89300796123
10.914 3.13301315334
11.0209999999 3.37301834545
11.128 3.5765879197
11.235 3.81656715126
11.3419999999 3.94235462098
11.449 4.15084371755
11.556 4.39084890966
11.6629999999 4.63085410177
11.77 4.87083333333
11.877 5.11083852544
11.9840000001 5.35084371755
12.091 5.59084890966
12.198 5.83085410177
12.3050000001 6.07083333333
12.412 6.31083852544
12.519 6.6200674974
12.626 7.02007615092
12.733 7.42008480443
12.84 7.82005019038
12.947 8.22520335756
13.054 8.61849255798
13.161 8.97850034614
13.268 9.27172031845
13.375 9.55169608861
13.482 9.77352457598
13.589 9.97352890273
13.696 10.1735332295
13.803 10.3787815853
13.91 10.4587746625
14.017 10.5733255452
14.124 10.4763542748
14.231 10.3163508134
14.338 10.156347352
14.4449999999 9.99636119765
14.552 9.83635773624
14.659 9.67635427484
14.7659999999 9.51635081343
14.873 9.35634735202
14.98 9.19636119765
15.0870000001 9.03635773624
15.194 8.73790671513
15.301 8.25789633091
15.4080000001 7.77788594669
15.515 7.29792748356
15.622 6.807628072
15.7290000001 6.2709761163
15.836 5.75096486674
15.943 5.2643475251
16.05 4.78438906196
16.157 4.33346746279
16.264 3.89345794393
16.371 3.45344842506
16.478 3.02208809277
16.585 2.66211924541
16.692 2.31715126341
16.799 2.08563084112
16.906 1.88562651436
17.013 1.68562218761
17.12 1.48563949463
17.227 1.28563516788
17.334 1.08563084112
17.441 0.885626514365
17.548 0.685622187608
17.655 0.485639494635
17.762 0.285635167878
17.8689999999 0.154854620976
17.976 0.114853755625
18.083 0.0748528902735
18.1899999999 0.0348563516788
18.297 0.0
18.404 0.0
18.5110000001 0.0
18.618 0.0
18.725 0.0
18.8320000001 0.0
18.939 0.0
19.046 0.0
19.153 0.0
19.26 0.0
19.367 0.0
19.474 0.0
19.581 0.0
19.688 0.0
19.795 0.0
19.902 0.0
20.009 0.0
20.116 0.0
20.223 0.0
20.33 0.0
20.437 0.0
20.544 0.0
20.651 0.0
20.758 0.0
20.865 0.0
20.972 0.0
21.079 0.0
21.186 0.0
21.2929999999 0.0
21.4 0.0
21.507 0.0
21.6139999999 0.0
21.721 0.0
21.828 0.0
21.9350000001 0.0
22.042 0.0
22.149 0.0
22.2560000001 0.0
22.363 0.0
22.47 0.0
22.577 0.0
22.684 0.0
22.791 0.0
22.898 0.0
23.005 0.0
23.112 0.0
23.219 0.0
23.326 0.0
23.433 0.0
23.54 0.0
23.647 0.0
23.754 0.0
23.861 0.0
23.968 0.0
24.075 0.0
24.182 0.0
24.289 0.0
24.3959999999 0.0
24.503 0.0
24.61 0.0
24.7169999999 0.0
24.824 0.0
24.931 0.0
25.0379999999 0.0
25.145 0.0
25.252 0.0
25.3590000001 0.0
25.466 0.0
25.573 0.0
25.6800000001 0.0
25.787 0.0
25.894 0.0
26.001 0.010457770855
26.108 0.192043094496
26.215 0.432022326064
26.322 0.672027518172
26.429 0.91203271028
26.536 1.15203790239
26.643 1.3920430945
26.75 1.63202232606
26.857 1.87202751817
26.964 2.11203271028
27.071 2.41685704396
27.178 2.81039286951
27.285 3.29035133264
27.392 3.77036171686
27.499 4.25037210107
27.606 4.73038248529
27.713 5.21039286951
27.8199999999 5.69035133264
27.927 6.17036171686
28.034 6.65037210107
28.1409999999 7.13038248529
28.248 7.61039286951
28.355 8.09035133264
28.4620000001 8.57036171686
28.569 9.05037210107
28.676 9.50946694358
28.7830000001 9.62630668051
28.89 9.62630668051
28.997 9.62630668051
29.1040000001 9.62630668051
29.211 9.62630668051
29.318 9.62630668051
29.425 9.62630668051
29.532 9.62630668051
29.639 9.62630668051
29.746 9.49666839737
29.853 9.18960713049
29.96 8.70964866736
30.067 8.22963828314
30.174 7.74962789893
30.281 7.26961751471
30.388 6.78960713049
30.495 6.30964866736
30.602 5.82963828314
30.709 5.34962789893
30.816 4.86961751471
30.923 4.38960713049
31.03 3.90964866736
31.137 3.42963828314
31.2439999999 2.94962789893
31.351 2.48007528557
31.458 2.18165022499
31.5649999999 1.94167099342
31.672 1.70166580132
31.779 1.46166060921
31.8860000001 1.2216554171
31.993 0.981650224991
32.1 0.741670993423
32.2070000001 0.501665801315
32.314 0.261660609207
32.421 0.0864745586708
32.528 0.0
32.635 0.0
32.742 0.0
32.849 0.047455867082
32.956 0.127457597785
33.063 0.207459328487
33.17 0.342250778816
33.277 0.502254240222
33.384 0.662257701627
33.491 0.822261163032
33.598 0.982264624438
33.705 1.14225077882
33.812 1.30225424022
33.919 1.46225770163
34.026 1.62226116303
34.133 1.78875043268
34.24 1.98873312565
34.347 2.18873745241
34.454 2.38874177916
34.561 2.58874610592
34.6679999999 2.78875043268
34.775 2.98873312565
34.882 3.18873745241
34.9889999999 3.38874177916
35.096 3.58874610592
35.203 3.78875043268
35.3100000001 3.98873312565
35.417 4.18873745241
35.524 4.293830045
35.6310000001 4.33383091035
35.738 4.3738317757
35.845 4.30423156802
35.952 4.18422897196
36.059 4.06422637591
36.166 3.94422377985
36.273 3.8242211838
36.38 3.70423156802
36.487 3.58422897196
36.594 3.46422637591
36.701 3.34422377985
36.808 3.21124956732
36.915 3.01126687435
37.022 2.81126254759
37.129 2.61125822084
37.236 2.41125389408
37.343 2.21124956732
37.45 2.01126687435
37.557 1.81126254759
37.664 1.61125822084
37.7709999999 1.41125389408
37.878 1.21124956732
37.985 1.01126687435
38.0919999999 0.811262547594
38.199 0.65871408792
38.306 0.538711491866
38.4129999999 0.418708895812
38.52 0.353517653167
38.627 0.313516787816
38.7340000001 0.273515922465
38.841 0.233515057113
38.948 0.193514191762
39.0550000001 0.153517653167
39.162 0.113516787816
39.269 0.0735159224645
39.376 0.0335150571132
39.483 0.0
39.59 0.0
39.697 0.0
39.804 0.0
39.911 0.0
40.018 0.0
40.125 0.0
40.232 0.0265403253721
40.339 0.0665411907234
40.446 0.106542056075
40.553 0.146542921426
40.66 0.186539460021
40.767 0.226540325372
40.874 0.266541190723
40.981 0.306542056075
41.088 0.363598996192
41.1949999999 0.498987538941
41.302 0.851410522672
41.409 1.21141831083
41.5159999999 1.571426099
41.623 1.93143388716
41.73 2.29140273451
41.8370000001 2.65141052267
41.944 3.01141831083
42.051 3.371426099
42.1580000001 3.73143388716
42.265 4.09140273451
42.372 4.45141052267
42.4790000001 4.81141831083
42.586 5.23233385254
42.693 5.67234337141
42.8 6.11230529595
42.907 6.49923416407
43.014 6.85924195223
43.121 7.21924974039
43.228 7.57925752856
43.335 7.93922637591
43.442 8.29923416407
43.549 8.65924195223
43.656 9.01924974039
43.763 9.34514537902
43.87 9.51433021807
43.977 9.24949376947
44.084 8.96948771201
44.191 8.68948165455
44.298 8.40947559709
44.405 8.12949982693
44.512 7.84949376947
44.6189999999 7.56948771201
44.726 7.28948165455
44.833 7.00947559709
44.9399999999 6.74306853583
45.047 6.50306334372
45.154 6.26305815161
45.2610000001 5.90123745241
45.368 5.50122879889
45.475 5.10126341295
45.5820000001 4.7277950848
45.689 4.36778729664
45.796 4.00777950848
45.903 3.64777172032
46.01 3.28780287297
46.117 2.9277950848
46.224 2.56778729664
46.331 2.20777950848
46.438 1.86482779508
46.545 1.60025095189
46.652 1.5526652821
46.759 1.51266441675
46.866 1.4726635514
46.973 1.43266268605
47.08 1.39266614746
47.187 1.3526652821
47.294 1.31266441675
47.401 1.2726635514
47.508 1.23266268605
47.615 1.16552872966
47.722 1.04552613361
47.829 0.925523537556
47.936 0.86642869505
48.0429999999 0.826427829699
48.15 0.786431291104
48.257 0.746430425753
48.3639999999 0.706429560402
48.471 0.66642869505
48.578 0.626427829699
48.6850000001 0.586431291104
48.792 0.546430425753
48.899 0.506429560402
49.0060000001 0.46642869505
49.113 0.426427829699
49.22 0.386431291104
49.327 0.346430425753
49.434 0.306429560402
49.541 0.26642869505
49.648 0.226427829699
49.755 0.186431291104
49.862 0.146430425753
49.969 0.106429560402
50.076 0.0664286950502
50.183 0.0264278296989
50.29 0.0
50.397 0.0
50.504 0.0
50.611 0.0
50.718 0.0
50.825 0.0
50.932 0.0
51.039 0.0
51.1459999999 0.0
51.253 0.0
51.36 0.0
51.4669999999 0.0
51.574 0.0
51.681 0.0
51.7879999999 0.0
51.895 0.0
52.002 0.0
52.1090000001 0.0
52.216 0.0
52.323 0.0
52.4300000001 0.0
52.537 0.0
52.644 0.0
52.751 0.0
52.858 0.0
52.965 0.0
53.072 0.0
53.179 0.0
53.286 0.0
53.393 0.0
53.5 0.0
53.607 0.0
53.714 0.0
53.821 0.0
53.928 0.0
54.035 0.0
54.142 0.0116433021807
54.249 0.051644167532
54.356 0.0916450328834
54.463 0.131645898235
54.5699999999 0.171642436829
54.677 0.211643302181
54.784 0.251644167532
54.8909999999 0.291645032883
54.998 0.331645898235
55.105 0.371642436829
55.2120000001 0.411643302181
55.319 0.451644167532
55.426 0.491645032883
55.5330000001 0.531645898235
55.64 0.571642436829
55.747 0.611643302181
55.8540000001 0.651644167532
55.961 0.691645032883
56.068 0.757701626861
56.175 0.83769470405
56.282 0.917696434753
56.389 0.997698165455
56.496 1.07769989616
56.603 1.15770162686
56.71 1.23769470405
56.817 1.29440983039
56.924 1.29440983039
57.031 1.32073381793
57.138 1.55427050883
57.245 1.79424974039
57.352 2.0342549325
57.459 2.27426012461
57.566 2.51426531672
57.673 2.75427050883
57.78 2.99424974039
57.887 3.2342549325
57.9939999999 3.47426012461
58.101 3.71426531672
58.208 3.95427050883
58.3149999999 4.19424974039
58.422 4.4342549325
58.529 4.67426012461
58.6360000001 4.91426531672
58.743 5.10215905157
58.85 5.26214520595
58.9570000001 5.42214866736
59.064 5.58215212876
59.171 5.74215559017
59.278 5.90215905157
59.385 6.06214520595
59.492 6.23379196954
59.599 6.4337962963
59.706 6.58115264798
59.813 6.31408359294
59.92 6.03410782278
60.027 5.75410176532
60.134 5.47409570786
60.241 5.1940896504
60.348 4.91408359294
60.455 4.63410782278
60.562 4.35410176532
60.669 4.07409570786
60.776 3.7940896504
60.883 3.51408359294
60.99 3.23410782278
61.097 2.95410176532
61.204 2.67409570786
61.311 2.3940896504
61.4179999999 2.14013932156
61.525 1.90016009
61.632 1.66015489789
61.7389999999 1.42014970578
61.846 1.18014451367
61.953 0.940139321565
62.0600000001 0.700160089997
62.167 0.460154897889
62.274 0.220149705781
62.3810000001 0.00646850121149
62.488 0.0
62.595 0.0
62.702 0.0
62.809 0.0
62.916 0.0
63.023 0.0
63.13 0.0
63.237 0.0
63.344 0.0
63.451 0.0
63.558 0.0
63.665 0.0
63.772 0.0
63.879 0.0
63.986 0.0
64.093 0.0
64.2 0.0
64.307 0.0
64.414 0.0
64.5209999999 0.0
64.628 0.0
64.735 0.0
64.8419999999 0.0
64.949 0.0
65.056 0.0
65.1629999999 0.0
65.27 0.0
65.377 0.0
65.4840000001 0.0
65.591 0.0
65.698 0.0
65.8050000001 0.0
65.912 0.0
66.019 0.0
66.126 0.0
66.233 0.0
66.34 0.0
66.447 0.0
66.554 0.0
66.661 0.0
66.768 0.0
66.875 0.0
66.982 0.0
67.089 0.0
67.196 0.0
67.303 0.0
67.41 0.0
67.517 0.0
67.624 0.0
67.731 0.0
67.838 0.0
67.9449999999 0.0
68.052 0.0
68.159 0.0
68.2659999999 0.0378461405331
68.373 0.0778470058844
68.48 0.117843544479
68.5870000001 0.15784440983
68.694 0.197845275182
68.801 0.237846140533
68.9080000001 0.277847005884
69.015 0.317843544479
69.122 0.35784440983
69.2290000001 0.397845275182
69.336 0.437846140533
69.443 0.477847005884
69.55 0.517843544479
69.657 0.55784440983
69.764 0.597845275182
69.871 0.637846140533
69.978 0.677847005884
70.085 0.747135687089
70.192 0.827137417792
70.299 0.907139148494
70.406 0.987140879197
70.513 1.0671426099
70.62 1.14713568709
70.727 1.22713741779
70.834 1.30713914849
70.941 1.31144859813
71.048 1.32064295604
71.155 1.36063949463
71.262 1.40064035999
71.3689999999 1.44064122534
71.476 1.48064209069
71.583 1.52064295604
71.6899999999 1.56063949463
71.797 1.60064035999
71.904 1.64064122534
72.0110000001 1.68064209069
72.118 1.72064295604
72.225 1.76063949463
72.3320000001 1.80064035999
72.439 1.84064122534
72.546 1.88064209069
72.653 1.92064295604
72.76 1.90205520942
72.867 1.86205434406
72.974 1.82205347871
73.081 1.78205261336
73.188 1.74205174801
73.295 1.70205520942
73.402 1.66205434406
73.509 1.62205347871
73.616 1.61989875389
73.723 1.60151003808
73.83 1.52151696089
73.937 1.44151523018
74.044 1.36151349948
74.151 1.28151176878
74.258 1.20151003808
74.365 1.12151696089
74.472 1.04151523018
74.579 0.961513499481
74.686 0.881511768778
74.7929999999 0.801510038075
74.9 0.721516960886
75.007 0.713893215646
75.1139999999 0.810388542748
75.221 0.96268172378
75.328 1.12268518519
75.4350000001 1.31196348217
75.542 1.51196780893
75.649 1.71197213569
75.7560000001 1.91197646244
75.863 2.1119807892
75.97 2.31196348217
76.077 2.65625216338
76.184 3.05626081689
76.291 3.4562694704
76.398 3.86547248183
76.505 4.30543440637
76.612 4.74544392523
76.719 5.1854534441
76.826 5.62546296296
76.933 6.06547248183
77.04 6.50543440637
77.147 6.94544392523
77.254 7.3854534441
77.361 7.82546296296
77.468 8.26547248183
77.575 8.70543440637
77.682 9.00068795431
77.789 9.08770335756
77.8959999999 9.06312305296
78.003 9.02312218761
78.11 8.98312564901
78.2169999999 8.94312478366
78.324 8.90312391831
78.431 8.86312305296
78.5379999999 8.82312218761
78.645 8.78312564901
78.752 8.45455607477
78.8590000001 8.0145465559
78.966 7.57453703704
79.073 7.13452751817
79.1800000001 6.69456559363
79.287 6.25455607477
79.394 5.8145465559
79.501 5.37453703704
79.608 4.93452751817
79.715 4.49456559363
79.822 4.05455607477
79.929 3.6145465559
80.036 3.17453703704
80.143 2.73452751817
80.25 2.29456559363
80.357 1.92693406023
80.464 1.66342159917
80.571 1.45570699204
80.678 1.25570266528
80.785 1.05571997231
80.892 0.855715645552
80.999 0.655711318795
81.106 0.455706992039
81.213 0.255702665282
81.3199999999 0.0557199723088
81.427 0.0
81.534 0.0
81.6409999999 0.0
81.748 0.0
81.855 0.0
81.9620000001 0.0
82.069 0.0
82.176 0.0
82.2830000001 0.0
82.39 0.0
82.497 0.0
82.6040000001 0.0
82.711 0.0
82.818 0.0
82.925 0.0
83.032 0.0
83.139 0.0
83.246 0.0
83.353 0.0
83.46 0.0
83.567 0.0
83.674 0.0
83.781 0.0
83.888 0.0
83.995 0.0143129110419
84.102 0.0543137763932
84.209 0.0943146417445
84.316 0.134315507096
84.423 0.174316372447
84.53 0.214312911042
84.637 0.254313776393
84.7439999999 0.294314641745
84.851 0.334315507096
84.958 0.374316372447
85.0649999999 0.414312911042
85.172 0.454313776393
85.279 0.494314641745
85.3860000001 0.534315507096
85.493 0.574316372447
85.6 0.614312911042
85.7070000001 0.654313776393
85.814 0.694314641745
85.921 0.734315507096
86.028 0.774316372447
86.135 0.814312911042
86.242 0.854313776393
86.349 0.894314641745
86.456 0.934315507096
86.563 0.974316372447
86.67 0.985687088958
86.777 0.945686223607
86.884 0.905685358255
86.991 0.865684492904
87.098 0.825683627553
87.205 0.785687088958
87.312 0.745686223607
87.419 0.705685358255
87.526 0.665684492904
87.633 0.625683627553
87.74 0.585687088958
87.847 0.545686223607
87.954 0.505685358255
88.061 0.465684492904
88.1679999999 0.425683627553
88.275 0.385687088958
88.382 0.345686223607
88.4889999999 0.305685358255
88.596 0.265684492904
88.703 0.225683627553
88.8100000001 0.185687088958
88.917 0.145686223607
89.024 0.125886985116
89.1310000001 0.200843717549
89.238 0.473226029768
89.345 0.767514710973
89.452 1.08752163378
89.559 1.40752855659
89.666 1.7275354794
89.773 2.04754240222
89.88 2.41151349948
89.987 2.83711924541
90.094 3.46494894427
90.201 4.30822949117
90.308 5.1882485289
90.415 6.06817237799
90.522 6.94819141571
90.629 7.82821045344
90.736 8.70822949117
90.843 9.5882485289
90.95 10.468172378
91.057 11.3600986501
91.164 12.2801185531
91.2709999999 13.2001384562
91.378 14.1201583593
91.485 15.040078747
91.5919999999 15.9600986501
91.699 16.8397152994
91.806 17.5298200069
91.9129999999 17.8250735549
92.02 18.105049325
92.127 18.3850553825
92.2340000001 18.6650614399
92.341 18.9450674974
92.448 19.2250735549
92.5550000001 19.417051748
92.662 19.4858601592
92.769 19.1502206646
92.876 18.3836794739
92.983 17.5436613015
93.09 16.703733991
93.197 15.8637158186
93.304 15.0236976462
93.411 14.1836794739
93.518 13.3436613015
93.625 12.503733991
93.732 11.6399013499
93.839 10.7198814469
93.946 9.79986154379
94.053 8.87984164071
94.16 7.95992125303
94.267 7.03990134995
94.374 6.14008307373
94.481 5.33502076843
94.588 4.72738404292
94.6949999999 4.127435964
94.802 3.52742298373
94.909 2.92741000346
95.0159999999 2.32739702319
95.123 1.72738404292
95.23 1.17143475251
95.3370000001 0.677020595362
95.444 0.384830391139
95.551 0.30809103496
95.6580000001 0.268090169609
95.765 0.228093631014
95.872 0.188092765663
95.9790000001 0.148091900312
96.086 0.10809103496
96.193 0.0680901696089
96.3 0.0280936310142
96.407 0.0
96.514 0.0
96.621 0.0
96.728 0.0
96.835 0.0
96.942 0.0
97.049 0.0
97.156 0.0184276566286
97.263 0.175294219453
97.37 0.335280373832
97.477 0.495283835237
97.584 0.655287296642
97.691 0.815290758048
97.798 0.975294219453
97.905 1.13528037383
98.012 1.29528383524
98.1189999999 1.45528729664
98.226 1.61529075805
98.333 1.77529421945
98.4399999999 1.93528037383
98.547 2.09528383524
98.654 2.25528729664
98.7610000001 2.41529075805
98.868 2.57529421945
98.975 2.73528037383
99.0820000001 2.89528383524
99.189 3.05528729664
99.296 3.21529075805
99.403 3.37529421945
99.51 3.53528037383
99.617 3.69528383524
99.724 3.85528729664
99.831 3.97843544479
99.938 3.82470578055
100.045 3.66471962617
100.152 3.50471616476
100.259 3.34471270336
100.366 3.18470924195
100.473 3.02470578055
100.58 2.86471962617
100.687 2.70471616476
100.794 2.54471270336
100.901 2.38470924195
101.008 2.22470578055
101.115 2.06471962617
101.222 1.90471616476
101.329 1.74471270336
101.436 1.58470924195
101.543 1.42470578055
101.65 1.26471962617
101.757 1.10471616476
101.864 0.944712703358
101.971 0.784709241952
102.078 0.624705780547
102.185 0.464719626168
102.292 0.304716164763
102.399 0.144712703358
102.506 0.00313689858082
102.613 0.0
102.72 0.0
102.827 0.0
102.934 0.0
103.041 0.0
103.148 0.0
103.255 0.0
103.362 0.0
103.469 0.0
103.576 0.0
103.683 0.0
103.79 0.0
103.897 0.0
104.004 0.0
104.111 0.000320179993077
104.218 0.0403210453444
104.325 0.0803175839391
104.432 0.12031844929
104.539 0.160319314642
104.646 0.200320179993
104.753 0.240321045344
104.86 0.280317583939
104.967 0.32031844929
105.074 0.360319314642
105.181 0.400320179993
105.288 0.440321045344
105.395 0.480317583939
105.502 0.52031844929
105.609 0.560319314642
105.716 0.600320179993
105.823 0.640321045344
105.93 0.680317583939
106.037 0.72031844929
106.144 0.760319314642
106.251 0.800320179993
106.358 0.840321045344
106.465 0.880317583939
106.572 0.92031844929
106.679 0.960319314642
106.786 0.999679820007
106.893 0.959678954656
107.0 0.919682416061
